100053
100122
100143
100288
100295
100322
100380
100428
100434
100444
100571
100672
100673
100727
100740
100744
100765
100801
100813
100821
100852
100859
100867
100951
101007
101061
101074
101092
101135
101140
101164
101181
101232
101246
101247
101251
101275
101290
101296
101298
101307
101315
101325
101355
101374
101502
101518
101538
101548
101563
101564
101572
101595
101623
101627
101651
101660
101695
101754
101756
101774
101787
101804
101816
101848
101854
101875
101893
101943
101971
101980
101991
101997
102000
102021
102040
102174
102182
102243
102260
102371
102391
102402
102407
102422
102433
102471
102474
102481
102513
102602
102642
102735
102743
102765
102770
102839
102928
102933
102964
102977
102982
102990
103019
103037
103040
103072
103075
103132
103191
103255
103260
103323
103348
103353
103354
103356
103500
103533
103547
103610
103646
103707
103718
103758
103787
103818
103819
103900
103902
103904
103950
104001
104008
104020
104040
104096
104110
104143
104159
104173
104196
104234
104243
104387
104389
104398
104414
104420
104422
104440
104478
104516
104536
104611
104612
104703
104723
104764
104784
104934
104962
104977
104988
105009
105020
105069
105088
105092
105165
105218
105258
105314
105354
105381
105447
105497
105507
105513
105572
105631
105648
105700
105743
105755
105757
105764
105772
105774
105797
105868
105870
105925
105940
105991
106000
106018
106040
106044
106105
106124
106170
106176
106199
106230
106298
106355
106390
106432
106463
106544
106621
106652
106664
106689
106694
106773
106777
106781
106784
106788
106800
106841
106919
106923
106973
106986
107012
107055
107084
107117
107143
107159
107197
107202
107229
107231
107261
107272
107298
107314
107379
107388
107394
107403
107435
107461
107480
107517
107521
107524
107539
107555
107573
107606
107610
107619
107688
107692
107709
107745
107828
107849
107888
107961
107967
107975
108066
108146
108160
108182
108195
108305
108551
108580
108584
108624
108645
108661
108672
108692
108715
108757
108920
108928
108959
110411
111499
112819
